252601
294409
334153
399001
410041
488881
512461
1024651
1152271
1193221
1461241
1615681
1857241
1909001
2113921
2508013
3057601
3581761
3828001
4335241
5031181
5049001
5148001
5444489
5481451
5968873
6189121
6733693
6868261
7519441
8134561
8719309
8927101
9439201
9494101
9613297
10024561
10267951
10606681
11972017
12261061
12490201
14469841
14676481
14913991
15247621
15829633
17098369
17236801
17316001
18307381
19384289
23382529
26280073
27402481
29111881
31405501
34657141
35703361
36765901
37964809
38151361
38624041
40160737
40917241
42490801
43331401
45877861
45890209
48321001
50201089
53711113
56052361
58489201
60957361
62756641
64377991
64774081
65241793
67653433
67902031
68154001
70561921
78091201
78120001
79411201
79624621
80282161
81926461
82929001
83099521
83966401
84311569
84350561
90698401
92625121
96895441
99036001
99830641
101649241
104569501
105309289
107714881
109393201
109577161
111291181
114910489
115039081
116682721
118901521
119327041
124630273
127664461
129762001
130497361
132511681
133344793
133800661
134809921
136625941
139952671
144218341
146843929
150846961
151813201
153589801
157731841
158864833
159492061
161035057
163954561
167979421
171454321
171679561
172290241
172947529
176659201
178451857
178482151
178837201
180115489
186393481
188516329
189941761
194120389
196358977
200753281
212027401
213835861
214852609
216821881
221884001
228842209
230630401
237597361
246446929
247095361
250200721
252141121
255160621
256828321
258634741
275283401
277241401
279377281
280067761
288120421
289860481
292244833
295826581
299736181
300614161
321602401
328573477
329769721
338740417
346808881
362569201
366532321
366652201
368113411
382304161
382536001
392099401
393513121
395044651
403043257
405739681
413058601
413138881
416964241
434330401
434932961
438359041
455106601
458368201
462199681
471441001
471905281
481239361
483006889
492559141
499310197
511338241
527761081
530443201
532758241
533860309
542497201
549538081
551672221
552894301
555465601
556450777
558977761
564651361
568227241
569332177
573896881
577240273
579606301
580565233
595405201
597717121
600892993
612816751
620169409
625060801
625482001
652969351
656187001
683379841
686059921
702683101
704934361
710382401
713588401
717164449
727083001
739444021
743404663
752102401
759472561
765245881
771043201
775368901
775866001
781347841
784966297
790020001
790623289
794937601
804978721
822531841
824389441
824405041
829678141
834244501
836515681
843704401
851703301
852729121
855734401
863984881
867800701
876850801
885336481
891706861
902645857
918661501
928482241
935794081
939947009
940123801
941056273
954732853
955134181
958735681
958762729
962442001
968553181
981789337
985052881
993420289
993905641
1027334881
1030401901
1055384929
1072570801
1079556193
1125038377
1138049137
1140441121
1162202581
1193229577
1198650961
1200456577
1200778753
1207252621
1213619761
1227220801
1232469001
1251295501
1251992281
1257102001
1260332137
1264145401
1269295201
1299963601
1309440001
1312332001
1317828601
1318126321
1330655041
1348964401
1349671681
1376844481
1384157161
1394746081
1394942473
1404228421
1407548341
1428966001
1441316269
1505432881
1507746241
1515785041
1528936501
1540454761
1574601601
1576826161
1588247851
1626167341
1632785701
1648076041
1657700353
1676203201
1678569121
1688639041
1699279441
1708549501
1726372441
1746692641
1750412161
1772267281
1801558201
1803278401
1817067169
1831048561
1833328621
1841034961
1846817281
1855100017
1858395529
1879480513
1887933601
1899525601
1942608529
1943951041
1976295241
1988071801
2000436751
2023528501
2049293401
2064236401
2064373921
2067887557
2097317377
2105594401
2126689501
2140538401
2140699681
2170282969
2178944461
2199931651
2201169601
2216430721
2223876601
2230305949
2239622113
2244932281
2295209281
2301745249
2302419601
2322648901
2323147201
2332627249
2335640077
2342644921
2361232477
2377166401
2380603501
2436691321
2438403661
2444950561
2456536681
2470894273
2480343553
2489462641
2494465921
2509860961
2529410281
2544590161
2560600351
2561945401
2564889601
2573686441
2575260241
2597928961
2598933481
2601144001
2602378721
2605557781
2607237361
2630374741
2677147201
2690867401
2693939401
2702470861
2723859001
2766172501
2770560241
2776874941
2787998641
2811315361
2842912381
2858298301
2943556201
3001561441
3024774901
3025708561
3044238121
3044970001
3068534701
3077802001
3090578401
3112974481
3193414093
3203895601
3215031751
3240392401
3245477761
3248891101
3264820001
3270933121
3313196881
3313744561
3314111761
3328437481
3345878017
3378014641
3380740301
3429457921
3438721441
3480174001
3504570301
3508507801
3555636481
3576804001
3618244081
3682471321
3712280041
3713287801
3787491457
3799111681
3832646221
3835537861
3863326897
3922752121
3928256641
3951813601
3998554561
4015029061
4034969401
4127050621
4162880401
4169092201
4189909501
4199202001
4199932801
4215885697